"","V1","V2","V3","V4","V5"
"1",0.105263157894737,0.0818713450292398,0.608187134502924,0.131578947368421,0.0730994152046784
"2",0.622825330549756,0.0201809324982603,0.16214335421016,0.0615866388308977,0.133263743910926
"3",0.104181951577403,0.0410858400586941,0.630227439471754,0.0388848129126926,0.185619955979457
"4",0.0589812332439678,0.0529490616621984,0.0697050938337802,0.0180965147453083,0.800268096514745
"5",0.641752577319588,0.0508100147275405,0.180412371134021,0.0651693667157585,0.0618556701030928
"6",0.42258064516129,0.0443548387096774,0.125268817204301,0.0416666666666667,0.366129032258065
"7",0.0882079851439183,0.0821727019498607,0.559424326833798,0.0459610027855153,0.224233983286908
"8",0.0481997677119628,0.0342624854819977,0.170150987224158,0.658536585365854,0.0888501742160279
"9",0.150943396226415,0.157232704402516,0.449685534591195,0.147798742138365,0.0943396226415094
"10",0.161290322580645,0.109677419354839,0.232258064516129,0.367741935483871,0.129032258064516
"11",0.0940017905102954,0.0510295434198747,0.0662488809310654,0.0429722470904208,0.745747538048344
"12",0.116379310344828,0.0366379310344828,0.497844827586207,0.135775862068966,0.213362068965517
"13",0.068530827412331,0.0174192069676828,0.201237680495072,0.068530827412331,0.644281457712583
"14",0.0421174652241113,0.17967542503864,0.0309119010819165,0.0564142194744977,0.690880989180835
"15",0.0237459978655283,0.73025613660619,0.140875133404482,0.0693703308431163,0.035752401280683
"16",0.572463768115942,0.0323671497584541,0.154589371980676,0.109178743961353,0.131400966183575
"17",0.176829268292683,0.0691056910569106,0.463414634146341,0.0934959349593496,0.197154471544715
"18",0.123486682808717,0.0556900726392252,0.598062953995157,0.14043583535109,0.0823244552058111
"19",0.036191974822974,0.553370049829531,0.144767899291896,0.01311303435615,0.252557041699449
"20",0.0828924162257496,0.0837742504409171,0.101410934744268,0.0767195767195767,0.655202821869489
"21",0.132530120481928,0.144578313253012,0.180722891566265,0.162650602409639,0.379518072289157
"22",0.0711462450592885,0.118577075098814,0.470355731225296,0.177865612648221,0.162055335968379
"23",0.0796903460837887,0.213570127504554,0.105646630236794,0.0487249544626594,0.552367941712204
"24",0.649162011173184,0.0446927374301676,0.10391061452514,0.136312849162011,0.0659217877094972
"25",0.116438356164384,0.150684931506849,0.356164383561644,0.143835616438356,0.232876712328767
"26",0.0395952485701716,0.81698196216454,0.020237571491421,0.0307963044434668,0.0923889133304003
"27",0.47840260798696,0.0418364574843792,0.0573213800597664,0.0331431676174952,0.389296386851399
"28",0.450344149459194,0.0747295968534907,0.0948869223205506,0.0624385447394297,0.317600786627335
"29",0.0900741787354292,0.157541504768633,0.132462027552102,0.0356764394206994,0.584245849523137
"30",0.087797619047619,0.0505952380952381,0.0491071428571429,0.0744047619047619,0.738095238095238
"31",0.0595238095238095,0.0282312925170068,0.118367346938776,0.569387755102041,0.224489795918367
"32",0.209017959495606,0.0481467329002675,0.173098968284295,0.322124570118456,0.247611769201376
"33",0.042479294683409,0.0152284263959391,0.0558375634517767,0.7790542345712,0.107400480897676
"34",0.598270062469966,0.0442095146564152,0.181643440653532,0.0840941854877463,0.0917827967323402
"35",0.0390060676105172,0.0205143022247905,0.0522970239815082,0.797168448425311,0.0910141577578734
"36",0.040568799665412,0.0752823086574655,0.535340861564199,0.10706817231284,0.241739857800084
"37",0.0968147527242246,0.0331098072087175,0.675607711651299,0.10184409052808,0.0926236378876781
"38",0.0830670926517572,0.162939297124601,0.29073482428115,0.0814696485623003,0.381789137380192
"39",0.0338427947598253,0.719705240174673,0.0524017467248908,0.0161026200873362,0.177947598253275
"40",0.244525547445255,0.0306569343065693,0.0437956204379562,0.572992700729927,0.108029197080292
"41",0.0784,0.0650666666666667,0.666666666666667,0.106666666666667,0.0832
"42",0.0604288499025341,0.064327485380117,0.290448343079922,0.272904483430799,0.311890838206628
"43",0.0913500404203719,0.0315278900565885,0.700889248181083,0.132578819725141,0.0436540016168149
"44",0.09375,0.339285714285714,0.125,0.151785714285714,0.290178571428571
"45",0.266891891891892,0.14527027027027,0.25,0.138513513513514,0.199324324324324
"46",0.0561151079136691,0.0482014388489209,0.220863309352518,0.249640287769784,0.425179856115108
"47",0.0599571734475375,0.687366167023555,0.0985010706638116,0.0513918629550321,0.102783725910064
"48",0.186388244392885,0.0158546017014695,0.112142304717711,0.668600154679041,0.017014694508894
"49",0.0696409140369967,0.0157780195865071,0.0331882480957563,0.812295973884657,0.0690968443960827
"50",0.0798479087452472,0.0367553865652725,0.236586396282214,0.233629066328686,0.41318124207858
"51",0.118473895582329,0.0461847389558233,0.491967871485944,0.0883534136546185,0.255020080321285
"52",0.027431421446384,0.688279301745636,0.108063175394846,0.0357439733998337,0.1404821280133
"53",0.0518672199170125,0.822821576763485,0.0236514522821577,0.0103734439834025,0.0912863070539419
"54",0.056,0.0383157894736842,0.472421052631579,0.108631578947368,0.324631578947368
"55",0.104918032786885,0.508196721311475,0.127868852459016,0.104918032786885,0.154098360655738
"56",0.0885466794995188,0.0346487006737247,0.190567853705486,0.645813282001925,0.0404234841193455
"57",0.174008810572687,0.0848017621145375,0.421806167400881,0.0947136563876652,0.224669603524229
"58",0.165876777251185,0.0900473933649289,0.322274881516588,0.312796208530806,0.109004739336493
"59",0.033457249070632,0.0297397769516729,0.440785979819437,0.288900690387679,0.207116303770579
"60",0.0261102432492747,0.490961838875251,0.139031466190582,0.0272260656103548,0.316670386074537
"61",0.227602905569007,0.0435835351089588,0.236077481840194,0.399515738498789,0.0932203389830508
"62",0.141914191419142,0.0726072607260726,0.382838283828383,0.165016501650165,0.237623762376238
"63",0.179775280898876,0.0623084780388151,0.58120531154239,0.0490296220633299,0.127681307456588
"64",0.0693877551020408,0.142857142857143,0.424489795918367,0.16734693877551,0.195918367346939
"65",0.110887096774194,0.0625,0.126344086021505,0.149193548387097,0.551075268817204
"66",0.09,0.08,0.545,0.155,0.13
"67",0.24390243902439,0.0452111838191553,0.161808447352766,0.463414634146341,0.0856632956573468
"68",0.0642857142857143,0.166071428571429,0.208928571428571,0.105357142857143,0.455357142857143
"69",0.0691489361702128,0.0984042553191489,0.329787234042553,0.154255319148936,0.348404255319149
"70",0.128491620111732,0.0893854748603352,0.212290502793296,0.385474860335196,0.184357541899441
"71",0.190625,0.075,0.515625,0.109375,0.109375
"72",0.185714285714286,0.25,0.214285714285714,0.192857142857143,0.157142857142857
"73",0.116352201257862,0.110062893081761,0.446540880503145,0.141509433962264,0.185534591194969
"74",0.450373134328358,0.0324626865671642,0.369402985074627,0.0824626865671642,0.0652985074626866
"75",0.108565193671577,0.0627386797599564,0.0801963993453355,0.698308783415166,0.0501909438079651
"76",0.117903930131004,0.091703056768559,0.294759825327511,0.117903930131004,0.377729257641921
"77",0.107049608355091,0.0234986945169713,0.403829416884247,0.267188859878155,0.198433420365535
"78",0.155555555555556,0.111111111111111,0.325925925925926,0.281481481481481,0.125925925925926
"79",0.146412884333821,0.0326988775012201,0.576866764275256,0.112249877989263,0.131771595900439
"80",0.761708860759494,0.0224683544303797,0.0718354430379747,0.0522151898734177,0.0917721518987342
"81",0.102032838154808,0.0523846755277561,0.689601250977326,0.089913995308835,0.0660672400312744
"82",0.191791044776119,0.0529850746268657,0.314925373134328,0.0917910447761194,0.348507462686567
"83",0.808170515097691,0.0170007612281147,0.0553159096675971,0.0492260847500634,0.0702867292565339
"84",0.129213483146067,0.0561797752808989,0.370786516853933,0.367977528089888,0.0758426966292135
"85",0.783597883597884,0.00846560846560847,0.115079365079365,0.0216931216931217,0.0711640211640212
"86",0.02728285077951,0.862472160356347,0.0356347438752784,0.0133630289532294,0.0612472160356347
"87",0.632566870014078,0.0185358986391366,0.0567808540591272,0.0199436884091976,0.272172688878461
"88",0.813112283345893,0.00715900527505652,0.0293896006028636,0.0222305953278071,0.12810851544838
"89",0.543896103896104,0.0431168831168831,0.168311688311688,0.0514285714285714,0.193246753246753
"90",0.141333333333333,0.112,0.493333333333333,0.16,0.0933333333333333
"91",0.0659340659340659,0.0732600732600733,0.399267399267399,0.0952380952380952,0.366300366300366
"92",0.0453595941509997,0.74783646672635,0.0244703073709341,0.0134288272157565,0.168904804535959
"93",0.0522306855277476,0.029379760609358,0.255712731229597,0.609357997823721,0.0533188248095756
"94",0.0599878197320341,0.434226552984166,0.244518879415347,0.059074299634592,0.202192448233861
"95",0.5264,0.0712,0.0768,0.0616,0.264
"96",0.131782945736434,0.0775193798449612,0.344961240310078,0.201550387596899,0.244186046511628
"97",0.050131926121372,0.75197889182058,0.0778364116094987,0.0343007915567282,0.0857519788918206
"98",0.216589861751152,0.19815668202765,0.290322580645161,0.0967741935483871,0.19815668202765
"99",0.034790935205873,0.512926907117778,0.102936482604532,0.01915097350782,0.330194701563996
"100",0.638009049773756,0.0239819004524887,0.18552036199095,0.0909502262443439,0.0615384615384615
"101",0.639551699204628,0.0354302241503977,0.218727404193782,0.0191612436731743,0.0871294287780188
"102",0.229357798165138,0.201834862385321,0.155963302752294,0.18348623853211,0.229357798165138
"103",0.0572289156626506,0.0496987951807229,0.602409638554217,0.0813253012048193,0.20933734939759
"104",0.0497005988023952,0.0958083832335329,0.412574850299401,0.129940119760479,0.311976047904192
"105",0.118918918918919,0.113513513513514,0.227027027027027,0.454054054054054,0.0864864864864865
"106",0.882972823072657,0.00970604547975596,0.0155296727676095,0.0330005546311703,0.0587909040488075
"107",0.156626506024096,0.192771084337349,0.27710843373494,0.228915662650602,0.144578313253012
"108",0.156568516421291,0.0133069082672707,0.539354473386183,0.208380520951302,0.0823895809739524
"109",0.0622222222222222,0.0844444444444444,0.653333333333333,0.111111111111111,0.0888888888888889
"110",0.776319543509272,0.0148359486447932,0.0362339514978602,0.0459343794579173,0.126676176890157
"111",0.0293350717079531,0.765971316818774,0.0270534550195567,0.022490221642764,0.155149934810952
