"","V1","V2","V3","V4","V5"
"1",0.0901009130225853,0.636472849591542,0.0836136472849592,0.0165785679961557,0.173234022104757
"2",0.111428571428571,0.0828571428571429,0.182857142857143,0.228571428571429,0.394285714285714
"3",0.652495974235105,0.137520128824477,0.10805152979066,0.0272141706924316,0.0747181964573269
"4",0.0769732550554468,0.0384866275277234,0.071102413568167,0.178082191780822,0.635355512067841
"5",0.170212765957447,0.0851063829787234,0.175531914893617,0.25531914893617,0.313829787234043
"6",0.475478468899522,0.0936004784688995,0.101973684210526,0.308014354066986,0.020933014354067
"7",0.0362193859951708,0.0193170058640911,0.016212487064505,0.0110382890651949,0.917212832011038
"8",0.0364077669902913,0.183252427184466,0.49878640776699,0.256067961165049,0.0254854368932039
"9",0.191616766467066,0.155688622754491,0.341317365269461,0.149700598802395,0.161676646706587
"10",0.196078431372549,0.215686274509804,0.196078431372549,0.196078431372549,0.196078431372549
"11",0.121863799283154,0.0681003584229391,0.559139784946237,0.206093189964158,0.0448028673835125
"12",0.170634920634921,0.277777777777778,0.273809523809524,0.103174603174603,0.174603174603175
"13",0.196078431372549,0.215686274509804,0.196078431372549,0.196078431372549,0.196078431372549
"14",0.192,0.424,0.136,0.124,0.124
"15",0.183206106870229,0.137404580152672,0.114503816793893,0.351145038167939,0.213740458015267
"16",0.196078431372549,0.215686274509804,0.196078431372549,0.196078431372549,0.196078431372549
"17",0.220843672456576,0.0347394540942928,0.60545905707196,0.086848635235732,0.0521091811414392
"18",0.104693140794224,0.11913357400722,0.563176895306859,0.0794223826714801,0.133574007220217
"19",0.108562691131498,0.0397553516819572,0.137614678899083,0.406727828746177,0.307339449541284
"20",0.14207650273224,0.12568306010929,0.0983606557377049,0.39344262295082,0.240437158469945
"21",0.108974358974359,0.173076923076923,0.224358974358974,0.141025641025641,0.352564102564103
"22",0.0355504587155963,0.301605504587156,0.238532110091743,0.288417431192661,0.135894495412844
"23",0.322283609576427,0.128913443830571,0.0441988950276243,0.406998158379374,0.0976058931860037
"24",0.0407830342577488,0.0864600326264274,0.034257748776509,0.0277324632952692,0.810766721044046
"25",0.114566284779051,0.576104746317512,0.188216039279869,0.060556464811784,0.060556464811784
"26",0.213483146067416,0.403089887640449,0.216292134831461,0.0617977528089888,0.105337078651685
"27",0.031064572425829,0.181500872600349,0.185689354275742,0.514834205933682,0.0869109947643979
"28",0.552178899082569,0.0797018348623853,0.111811926605505,0.241399082568807,0.0149082568807339
"29",0.376511985924786,0.0206729711897955,0.0354079612931603,0.507807345502529,0.0595997360897295
"30",0.254826254826255,0.114285714285714,0.0548262548262548,0.127413127413127,0.448648648648649
"31",0.023241006049029,0.049665711556829,0.023241006049029,0.358484559057625,0.545367717287488
"32",0.036908077994429,0.0149721448467967,0.0226323119777159,0.0114902506963788,0.91399721448468
"33",0.165644171779141,0.128834355828221,0.104294478527607,0.208588957055215,0.392638036809816
"34",0.138059701492537,0.32089552238806,0.16044776119403,0.152985074626866,0.227611940298507
"35",0.0866425992779783,0.117930204572804,0.113116726835138,0.0866425992779783,0.595667870036101
"36",0.0174838464462182,0.023945267958951,0.451539338654504,0.215127328012163,0.291904218928164
"37",0.310822510822511,0.129004329004329,0.460606060606061,0.0337662337662338,0.0658008658008658
"38",0.175,0.25,0.25,0.1375,0.1875
"39",0.0335507921714818,0.0605778191985089,0.0531220876048462,0.0838769804287046,0.768872320596458
"40",0.292,0.12,0.108,0.344,0.136
"41",0.0694444444444444,0.0763888888888889,0.537037037037037,0.171296296296296,0.145833333333333
"42",0.145161290322581,0.161290322580645,0.120967741935484,0.32258064516129,0.25
"43",0.243831033040569,0.0911752404851527,0.0384776244249268,0.5211208699289,0.105395232120452
"44",0.317567567567568,0.155405405405405,0.108108108108108,0.168918918918919,0.25
"45",0.190031152647975,0.118380062305296,0.155763239875389,0.199376947040498,0.336448598130841
"46",0.163179916317992,0.255230125523013,0.313807531380753,0.142259414225941,0.125523012552301
"47",0.200968523002421,0.0484261501210654,0.549636803874092,0.168280871670702,0.0326876513317191
"48",0.28169014084507,0.0324556031843233,0.134721371708512,0.52357624004899,0.0275566442131047
"49",0.0129081245254366,0.0640344216654012,0.61503416856492,0.283725639078714,0.0242976461655277
"50",0.023516543614985,0.183483729833197,0.105824446267432,0.470330872299699,0.216844407984687
"51",0.196078431372549,0.215686274509804,0.196078431372549,0.196078431372549,0.196078431372549
"52",0.0695556168920784,0.470328457079768,0.0168368755175269,0.36378691691968,0.0794921335909467
"53",0.0811080608934365,0.0591464936361368,0.472173696031944,0.355378088345396,0.0321936610930871
"54",0.0580808080808081,0.430239898989899,0.19949494949495,0.284406565656566,0.0277777777777778
"55",0.196078431372549,0.215686274509804,0.196078431372549,0.196078431372549,0.196078431372549
"56",0.1875,0.232142857142857,0.133928571428571,0.223214285714286,0.223214285714286
"57",0.177777777777778,0.253333333333333,0.417777777777778,0.0177777777777778,0.133333333333333
"58",0.00720164609053498,0.00445816186556927,0.11042524005487,0.869684499314129,0.00823045267489712
"59",0.603164139749506,0.0247198417930125,0.029663810151615,0.313117996044825,0.0293342122610415
"60",0.150568181818182,0.261363636363636,0.321022727272727,0.125,0.142045454545455
"61",0.198969735994849,0.0289761751448809,0.224082421120412,0.36316806181584,0.184803605924018
"62",0.253411306042885,0.241715399610136,0.34307992202729,0.0994152046783626,0.0623781676413255
"63",0.367647058823529,0.161764705882353,0.0955882352941176,0.169117647058824,0.205882352941176
"64",0.0590525632706035,0.445165476963011,0.0655418559377028,0.264114211550941,0.166125892277742
"65",0.322683706070288,0.12779552715655,0.0511182108626198,0.329073482428115,0.169329073482428
"66",0.641816920943135,0.072122052704577,0.208391123439667,0.0239251040221914,0.05374479889043
"67",0.132978723404255,0.180851063829787,0.223404255319149,0.143617021276596,0.319148936170213
"68",0.100572883513686,0.0671546785486951,0.156906429026098,0.40515595162317,0.270210057288351
"69",0.440304694787025,0.0039900507824645,0.0204166234842989,0.521142087262929,0.0141465436832832
"70",0.253472222222222,0.402777777777778,0.166666666666667,0.0520833333333333,0.125
"71",0.0385865150284322,0.0182778229082047,0.0568643379366369,0.495125913891145,0.391145410235581
"72",0.0744264129826525,0.429210968102966,0.0844991606043649,0.379406827084499,0.0324566312255176
"73",0.259036144578313,0.0963855421686747,0.349397590361446,0.132530120481928,0.162650602409639
"74",0.0278184480234261,0.0527086383601757,0.0497803806734993,0.0732064421669107,0.796486090775988
"75",0.0826086956521739,0.0840579710144927,0.0753623188405797,0.0304347826086957,0.727536231884058
"76",0.0340106007067138,0.413427561837456,0.109540636042403,0.351148409893993,0.0918727915194346
"77",0.257352941176471,0.183823529411765,0.132352941176471,0.147058823529412,0.279411764705882
"78",0.207407407407407,0.111111111111111,0.111111111111111,0.2,0.37037037037037
"79",0.0453493122701893,0.0189295928094784,0.910254664306142,0.0209723546234509,0.00449407599073948
"80",0.0490904560179417,0.699725890854722,0.226015449788188,0.0102167954149016,0.0149514079242462
"81",0.272965879265092,0.0551181102362205,0.493438320209974,0.062992125984252,0.115485564304462
"82",0.0404515522107244,0.76763875823142,0.0620884289746002,0.115710253998119,0.0141110065851364
"83",0.317335945151812,0.250734573947111,0.313418217433888,0.0235063663075416,0.0950048971596474
"84",0.0236753100338219,0.350620067643743,0.344419391206313,0.223224351747463,0.0580608793686584
"85",0.16887417218543,0.334437086092715,0.221854304635762,0.112582781456954,0.162251655629139
"86",0.194915254237288,0.135593220338983,0.11864406779661,0.26271186440678,0.288135593220339
"87",0.142131979695431,0.0693739424703892,0.55668358714044,0.187817258883249,0.0439932318104907
"88",0.115898959881129,0.12630014858841,0.0683506686478455,0.514115898959881,0.175334323922734
"89",0.0706737120211361,0.0495376486129458,0.0792602377807133,0.165125495376486,0.635402906208719
"90",0.238993710691824,0.144654088050314,0.132075471698113,0.10062893081761,0.383647798742138
"91",0.09514687100894,0.47477650063857,0.0207535121328225,0.36941251596424,0.0399106002554278
"92",0.18450184501845,0.0885608856088561,0.398523985239852,0.265682656826568,0.0627306273062731
"93",0.122575640031032,0.0605120248254461,0.207913110938712,0.0193948797517455,0.589604344453064
"94",0.0346240524482688,0.00737553779963122,0.488834255275558,0.440688383527966,0.0284777709485761
"95",0.180288461538462,0.0745192307692308,0.266826923076923,0.192307692307692,0.286057692307692
"96",0.0436251055446102,0.181536729524346,0.0959752321981424,0.417675204052913,0.261187728679989
"97",0.224482382855067,0.0671994188158373,0.103160188884853,0.52161278605158,0.0835452233926625
"98",0.204788588894549,0.0122261844116149,0.732552215995925,0.0163015792154865,0.0341314314824249
"99",0.215686274509804,0.196078431372549,0.196078431372549,0.196078431372549,0.196078431372549
"100",0.257575757575758,0.290909090909091,0.221212121212121,0.112121212121212,0.118181818181818
"101",0.215439856373429,0.120287253141831,0.1508078994614,0.195691202872531,0.317773788150808
"102",0.0177696078431373,0.0177696078431373,0.133986928104575,0.451184640522876,0.379289215686274
"103",0.0963855421686747,0.329317269076305,0.0843373493975904,0.29718875502008,0.192771084337349
"104",0.155397727272727,0.0431818181818182,0.0576704545454545,0.644318181818182,0.0994318181818182
"105",0.201019974500637,0.0274118147046324,0.130046748831279,0.573735656608585,0.0677858053548661
"106",0.338485316846986,0.0188047398248326,0.0141679546625451,0.596857290056672,0.0316846986089645
"107",0.0639269406392694,0.397260273972603,0.41324200913242,0.04337899543379,0.0821917808219178
"108",0.154175588865096,0.0792291220556745,0.659528907922912,0.0835117773019272,0.0235546038543897
"109",0.316844919786096,0.117647058823529,0.231283422459893,0.274064171122995,0.0601604278074866
"110",0.124444444444444,0.164444444444444,0.422222222222222,0.191111111111111,0.0977777777777778
"111",0.0652567975830816,0.0688821752265861,0.129305135951662,0.198187311178248,0.538368580060423
"112",0.215686274509804,0.196078431372549,0.196078431372549,0.196078431372549,0.196078431372549
"113",0.188461538461538,0.0862637362637363,0.0884615384615385,0.576373626373626,0.0604395604395604
"114",0.106583072100313,0.0909090909090909,0.0846394984326019,0.385579937304075,0.332288401253919
"115",0.102222222222222,0.244444444444444,0.302222222222222,0.168888888888889,0.182222222222222
"116",0.0974339903309781,0.0873930829304574,0.164001487541837,0.524358497582745,0.126812941613983
"117",0.013648771610555,0.662117076129815,0.0276008492569002,0.286017591750076,0.0106157112526539
"118",0.392338177014531,0.0581241743725231,0.142668428005284,0.269484808454425,0.137384412153236
"119",0.0397148676171079,0.515274949083503,0.340122199592668,0.0386965376782077,0.0661914460285132
"120",0.0707692307692308,0.08,0.16,0.08,0.609230769230769
"121",0.117333333333333,0.344,0.0986666666666667,0.096,0.344
