"","V1","V2","V3","V4","V5"
"1",0.0411985018726592,0.370786516853933,0.195692883895131,0.169475655430712,0.222846441947566
"2",0.0535615681943678,0.148536720044174,0.0654334621755936,0.411374930977361,0.321093318608504
"3",0.0902777777777778,0.199074074074074,0.159722222222222,0.173611111111111,0.377314814814815
"4",0.0330634278002699,0.0357624831309042,0.313090418353576,0.0566801619433198,0.56140350877193
"5",0.128787878787879,0.113636363636364,0.303030303030303,0.333333333333333,0.121212121212121
"6",0.0467836257309941,0.064327485380117,0.671345029239766,0.174269005847953,0.0432748538011696
"7",0.0691056910569106,0.105691056910569,0.105691056910569,0.231707317073171,0.48780487804878
"8",0.0845771144278607,0.154228855721393,0.104477611940299,0.243781094527363,0.412935323383085
"9",0.0358890701468189,0.0831973898858075,0.195758564437194,0.500815660685155,0.184339314845024
"10",0.129770992366412,0.0458015267175573,0.502544529262086,0.201017811704835,0.120865139949109
"11",0.0272914521112255,0.0561277033985582,0.502574665293512,0.167868177136972,0.246138002059732
"12",0.769025367156208,0.0493991989319092,0.0307076101468625,0.128170894526035,0.0226969292389853
"13",0.196078431372549,0.196078431372549,0.196078431372549,0.215686274509804,0.196078431372549
"14",0.0784023668639053,0.61094674556213,0.0946745562130177,0.0621301775147929,0.153846153846154
"15",0.196078431372549,0.196078431372549,0.196078431372549,0.215686274509804,0.196078431372549
"16",0.302469135802469,0.260802469135802,0.154320987654321,0.222222222222222,0.0601851851851852
"17",0.021497919556172,0.0478502080443828,0.776005547850208,0.0485436893203883,0.106102635228849
"18",0.0604818042029728,0.0307534597642235,0.053305996924654,0.478472578165044,0.376986160943106
"19",0.147249190938511,0.333333333333333,0.144012944983819,0.305825242718447,0.06957928802589
"20",0.06703146374829,0.0280437756497948,0.716142270861833,0.0485636114911081,0.140218878248974
"21",0.0922131147540984,0.0922131147540984,0.370901639344262,0.32172131147541,0.122950819672131
"22",0.0645161290322581,0.640552995391705,0.105990783410138,0.110599078341014,0.0783410138248848
"23",0.10377358490566,0.143396226415094,0.126415094339623,0.118867924528302,0.507547169811321
"24",0.0358744394618834,0.0538116591928251,0.454708520179372,0.397309417040359,0.0582959641255605
"25",0.0469121140142518,0.0463182897862233,0.779097387173397,0.106888361045131,0.0207838479809976
"26",0.0291568163908589,0.135539795114263,0.743104806934594,0.037037037037037,0.0551615445232467
"27",0.0745762711864407,0.0542372881355932,0.149152542372881,0.145762711864407,0.576271186440678
"28",0.340365682137834,0.250351617440225,0.09985935302391,0.181434599156118,0.127988748241913
"29",0.0667320902845927,0.200196270853778,0.111874386653582,0.169774288518155,0.451422963689892
"30",0.0656934306569343,0.110948905109489,0.0503649635036496,0.035036496350365,0.737956204379562
"31",0.0495137046861185,0.0822281167108753,0.441202475685234,0.383731211317418,0.0433244916003537
"32",0.215686274509804,0.196078431372549,0.196078431372549,0.196078431372549,0.196078431372549
"33",0.0289587184226741,0.0184842883548983,0.754158964879852,0.066543438077634,0.131854590264941
"34",0.0320886814469078,0.0460910151691949,0.750875145857643,0.137689614935823,0.0332555425904317
"35",0.0570497147514262,0.0399348003259984,0.418092909535452,0.162184189079055,0.322738386308068
"36",0.0226769911504425,0.164269911504425,0.124446902654867,0.589048672566372,0.0995575221238938
"37",0.019859064702114,0.037155669442665,0.630365150544523,0.0582959641255605,0.254324151185138
"38",0.0373897707231041,0.0998236331569665,0.0594356261022928,0.0142857142857143,0.789065255731922
"39",0.029426433915212,0.0478802992518703,0.677306733167082,0.0179551122194514,0.227431421446384
"40",0.034106412005457,0.0791268758526603,0.394952251023192,0.0934515688949522,0.398362892223738
"41",0.0339912280701754,0.0603070175438596,0.587719298245614,0.201754385964912,0.116228070175439
"42",0.0607267297162768,0.0452961672473868,0.239422598307616,0.1543056246889,0.500248880039821
"43",0.0264876632801161,0.119375907111756,0.0500725689404935,0.795355587808418,0.00870827285921625
"44",0.0188962207558488,0.0977804439112178,0.117276544691062,0.622975404919016,0.143071385722855
"45",0.228441754916793,0.184568835098336,0.2178517397882,0.0892586989409985,0.279878971255673
"46",0.0616262482168331,0.049358059914408,0.0456490727532097,0.0359486447931526,0.807417974322397
"47",0.242874845105328,0.0656753407682776,0.339529120198265,0.261462205700124,0.090458488228005
"48",0.029532403609516,0.360951599671862,0.191960623461854,0.256767842493847,0.16078753076292
"49",0.114406779661017,0.135593220338983,0.148305084745763,0.317796610169492,0.283898305084746
"50",0.0535433070866142,0.0740157480314961,0.467716535433071,0.177952755905512,0.226771653543307
"51",0.736801392380584,0.0481531618642429,0.0350029007928834,0.0199187777992651,0.160123767163025
"52",0.066402378592666,0.710604558969277,0.0723488602576809,0.0743310208126858,0.0763131813676908
"53",0.0886363636363636,0.168181818181818,0.104545454545455,0.0704545454545455,0.568181818181818
"54",0.024330900243309,0.0717761557177616,0.480535279805353,0.358272506082725,0.0650851581508516
"55",0.0672153635116598,0.220850480109739,0.101508916323731,0.104252400548697,0.506172839506173
"56",0.0196378474878857,0.598571792909972,0.0499872481509819,0.172660035705177,0.159143075745983
"57",0.587676438653637,0.106677524429967,0.0323018458197611,0.229370249728556,0.0439739413680782
"58",0.600985221674877,0.0492610837438424,0.0467980295566502,0.282019704433498,0.020935960591133
"59",0.418333333333333,0.04,0.272777777777778,0.12,0.148888888888889
"60",0.0491159135559921,0.0982318271119843,0.0471512770137525,0.0412573673870334,0.764243614931238
"61",0.0286909742976689,0.0292887029288703,0.827256425582785,0.0723251643753736,0.0424387328153019
"62",0.0632339656729901,0.0551038843721771,0.034327009936766,0.789521228545619,0.0578139114724481
"63",0.549655172413793,0.108275862068966,0.0213793103448276,0.293793103448276,0.0268965517241379
"64",0.0373400461506188,0.07908537864485,0.0616740088105727,0.45164673799035,0.370253828403608
"65",0.477767265846736,0.127719962157048,0.101229895931883,0.107852412488174,0.185430463576159
"66",0.138826690550828,0.0591133004926108,0.0317957904164801,0.71204657411554,0.058217644424541
"67",0.174055829228243,0.0689655172413793,0.264367816091954,0.146141215106732,0.346469622331691
"68",0.0372233400402414,0.0667337357478203,0.117035546613011,0.559691482226694,0.219315895372233
"69",0.761780104712042,0.0392670157068063,0.0301047120418848,0.140052356020942,0.0287958115183246
"70",0.0775075987841945,0.683890577507599,0.03596757852077,0.161600810536981,0.0410334346504559
"71",0.11037394451146,0.269601930036188,0.0530759951749095,0.0910735826296743,0.475874547647768
"72",0.169385194479297,0.578419071518193,0.0514429109159348,0.131744040150565,0.06900878293601
"73",0.183908045977011,0.218390804597701,0.252873563218391,0.206896551724138,0.137931034482759
"74",0.365438432835821,0.0932835820895522,0.0384794776119403,0.413945895522388,0.0888526119402985
"75",0.0527143981117231,0.0601888276947286,0.301337529504327,0.489378442171518,0.0963808025177026
"76",0.0523255813953488,0.827519379844961,0.0368217054263566,0.0251937984496124,0.0581395348837209
"77",0.102406267487409,0.178511471740347,0.0408505875769446,0.535534415221041,0.142697257974259
"78",0.0377073906485671,0.161387631975867,0.120663650075415,0.34841628959276,0.331825037707391
"79",0.02625,0.09375,0.17625,0.12,0.58375
"80",0.066951566951567,0.10968660968661,0.552706552706553,0.226495726495726,0.0441595441595442
"81",0.349628055260361,0.0308182784272051,0.0329436769394261,0.151965993623804,0.434643995749203
"82",0.0336300692383778,0.0811078140454995,0.390702274975272,0.160237388724036,0.334322453016815
"83",0.0653021442495127,0.0331384015594542,0.0545808966861598,0.057504873294347,0.789473684210526
"84",0.168,0.352,0.184,0.08,0.216
"85",0.101780009128252,0.0689183021451392,0.132816065723414,0.473756275673209,0.222729347329986
"86",0.0285152409046214,0.862340216322517,0.0422812192723697,0.0196656833824975,0.0471976401179941
"87",0.215686274509804,0.196078431372549,0.196078431372549,0.196078431372549,0.196078431372549
"88",0.0451467268623025,0.090293453724605,0.121896162528217,0.286681715575621,0.455981941309255
"89",0.222222222222222,0.209876543209877,0.172839506172839,0.172839506172839,0.222222222222222
"90",0.0328425821064553,0.0543601359003398,0.383352208380521,0.125141562853907,0.404303510758777
"91",0.0148658448150834,0.0253807106598985,0.876722262509064,0.046047860768673,0.0369833212472806
"92",0.08,0.11,0.21,0.325,0.275
"93",0.131864623243934,0.0501277139208174,0.030970625798212,0.683269476372925,0.103767560664112
"94",0.0665529010238908,0.133105802047782,0.409556313993174,0.122866894197952,0.267918088737201
"95",0.0207260556127703,0.732363542739444,0.0379763130792997,0.195545829042225,0.0133882595262616
"96",0.732596685082873,0.087292817679558,0.0386740331491713,0.124861878453039,0.0165745856353591
"97",0.0697887970615243,0.0569329660238751,0.0684113865932048,0.606978879706152,0.197887970615243
"98",0.0751020408163265,0.32,0.0971428571428571,0.176326530612245,0.331428571428571
"99",0.0918604651162791,0.0558139534883721,0.216279069767442,0.215116279069767,0.42093023255814
"100",0.0234657039711191,0.0794223826714801,0.811070998796631,0.0324909747292419,0.0535499398315283
"101",0.102941176470588,0.102941176470588,0.151960784313725,0.534313725490196,0.107843137254902
"102",0.1,0.12,0.196,0.12,0.464
"103",0.0817391304347826,0.650434782608696,0.0869565217391304,0.0347826086956522,0.146086956521739
"104",0.170172084130019,0.426386233269598,0.0745697896749522,0.24282982791587,0.0860420650095602
"105",0.0353982300884956,0.126106194690265,0.17146017699115,0.0719026548672566,0.595132743362832
"106",0.215686274509804,0.196078431372549,0.196078431372549,0.196078431372549,0.196078431372549
"107",0.722620266120778,0.0644831115660184,0.0337768679631525,0.165813715455476,0.0133060388945752
"108",0.0373734752141189,0.122501946535167,0.101998442771866,0.549701531274332,0.188424604204516
"109",0.0145593869731801,0.0478927203065134,0.731417624521073,0.0559386973180077,0.150191570881226
"110",0.0593849416755037,0.166489925768823,0.266171792152704,0.151643690349947,0.356309650053022
"111",0.0534223706176962,0.0300500834724541,0.628547579298831,0.0333889816360601,0.254590984974958
"112",0.122699386503067,0.0777096114519427,0.098159509202454,0.18200408997955,0.519427402862986
"113",0.0954063604240283,0.0989399293286219,0.501766784452297,0.19434628975265,0.109540636042403
"114",0.0335351653469958,0.0610153702841174,0.0256171401956218,0.0274802049371216,0.852352119236143
"115",0.0844444444444444,0.502222222222222,0.115555555555556,0.124444444444444,0.173333333333333
"116",0.196078431372549,0.196078431372549,0.196078431372549,0.215686274509804,0.196078431372549
"117",0.0339256865912763,0.0193861066235864,0.7140549273021,0.0506192784060312,0.182014001077006
"118",0.165217391304348,0.208695652173913,0.139130434782609,0.278260869565217,0.208695652173913
"119",0.0575916230366492,0.0863874345549738,0.484293193717277,0.285340314136126,0.0863874345549738
"120",0.351170568561873,0.147157190635452,0.210702341137124,0.187290969899666,0.103678929765886
