"","V1","V2","V3","V4","V5"
"1",0.25,0.13,0.19,0.28,0.15
"2",0.162162162162162,0.202702702702703,0.243243243243243,0.189189189189189,0.202702702702703
"3",0.0555555555555556,0.668763102725367,0.0387840670859539,0.151991614255765,0.0849056603773585
"4",0.079734219269103,0.147840531561462,0.612956810631229,0.0764119601328904,0.0830564784053156
"5",0.396739130434783,0.108695652173913,0.0923913043478261,0.277173913043478,0.125
"6",0.113594040968343,0.24487895716946,0.445065176908752,0.0363128491620112,0.160148975791434
"7",0.201923076923077,0.134615384615385,0.163461538461538,0.269230769230769,0.230769230769231
"8",0.187153931339978,0.683831672203765,0.0487264673311185,0.0254706533776301,0.0548172757475083
"9",0.654358353510896,0.0532687651331719,0.165254237288136,0.0145278450363196,0.112590799031477
"10",0.567551622418879,0.178761061946903,0.0460176991150442,0.0530973451327434,0.154572271386431
"11",0.0403071017274472,0.0251265049729541,0.112022334671087,0.265747688012563,0.556796370615948
"12",0.654575432811212,0.0313272877164056,0.106347897774114,0.136850783182193,0.0708985985160758
"13",0.138728323699422,0.15606936416185,0.393063583815029,0.213872832369942,0.0982658959537572
"14",0.0427435387673956,0.0546719681908549,0.305168986083499,0.39662027833002,0.200795228628231
"15",0.133738601823708,0.446808510638298,0.0972644376899696,0.115501519756839,0.206686930091185
"16",0.114077669902913,0.0970873786407767,0.0424757281553398,0.148058252427184,0.598300970873786
"17",0.513119533527697,0.21865889212828,0.107871720116618,0.0816326530612245,0.0787172011661808
"18",0.104534346999728,0.0374694542492533,0.653271789302199,0.0711376595166983,0.133586749932121
"19",0.0524109014675052,0.119496855345912,0.542976939203354,0.155136268343816,0.129979035639413
"20",0.0834269662921348,0.285393258426966,0.221910112359551,0.367415730337079,0.0418539325842697
"21",0.091546696197859,0.309708379475821,0.208194905869324,0.314876338132152,0.0756736803248431
"22",0.440776699029126,0.444012944983819,0.0336569579288026,0.0478964401294498,0.0336569579288026
"23",0.661157024793388,0.128374655647383,0.0319559228650138,0.105234159779614,0.0732782369146005
"24",0.183035714285714,0.491071428571429,0.0758928571428571,0.107142857142857,0.142857142857143
"25",0.317042606516291,0.18671679197995,0.0839598997493734,0.0463659147869674,0.365914786967419
"26",0.803067788223652,0.0544285007422068,0.0301830776843147,0.0653142008906482,0.0470064324591786
"27",0.22093023255814,0.255813953488372,0.174418604651163,0.13953488372093,0.209302325581395
"28",0.259050149452009,0.130189305878446,0.438724676187313,0.101959481899701,0.0700763865825307
"29",0.0911182696732628,0.0842153704555914,0.0897376898297285,0.615278416935113,0.119650253106305
"30",0.0935672514619883,0.216374269005848,0.298245614035088,0.181286549707602,0.210526315789474
"31",0.0966386554621849,0.144257703081232,0.508403361344538,0.103641456582633,0.147058823529412
"32",0.630991464215364,0.082731451083388,0.173998686802364,0.0623768877216021,0.0499015101772817
"33",0.663790348354107,0.147011824864174,0.0501757750079898,0.0838926174496644,0.0551294343240652
"34",0.010970304520522,0.187819179118593,0.254965008511443,0.432570455835067,0.113675052014375
"35",0.127557160048135,0.0685920577617329,0.411552346570397,0.182912154031288,0.209386281588448
"36",0.357684146711125,0.0430433464686269,0.09093664746893,0.368899666565626,0.139436192785693
"37",0.296982530439386,0.0767601905770249,0.322922181048174,0.127051349920593,0.176283748014823
"38",0.643343051506317,0.043245869776482,0.194363459669582,0.0573372206025267,0.0617103984450923
"39",0.789848619768477,0.0365093499554764,0.02493321460374,0.0552092609082814,0.0934995547640249
"40",0.21483771251932,0.46676970633694,0.0267903142709943,0.146316331787738,0.145285935085008
"41",0.312320916905444,0.151862464183381,0.232091690544413,0.180515759312321,0.123209169054441
"42",0.291452991452991,0.193162393162393,0.0329059829059829,0.134615384615385,0.347863247863248
"43",0.0486627790066358,0.0729941685099537,0.55419264025739,0.279710436356324,0.0444399758696964
"44",0.406538734896944,0.0525941719971571,0.0980810234541578,0.213930348258706,0.228855721393035
"45",0.129166666666667,0.0942708333333333,0.0895833333333333,0.552083333333333,0.134895833333333
"46",0.196428571428571,0.214285714285714,0.3125,0.09375,0.183035714285714
"47",0.633147113594041,0.0676598386095593,0.0831781502172564,0.116697703289882,0.0993171942892613
"48",0.340080971659919,0.0728744939271255,0.291497975708502,0.143724696356275,0.151821862348178
"49",0.0641891891891892,0.22972972972973,0.26463963963964,0.136261261261261,0.30518018018018
"50",0.0974358974358974,0.179487179487179,0.032051282051282,0.0269230769230769,0.664102564102564
"51",0.130841121495327,0.355140186915888,0.177570093457944,0.130841121495327,0.205607476635514
"52",0.0918984280532043,0.0846432889963724,0.107617896009674,0.512696493349456,0.203143893591294
"53",0.101952277657267,0.06941431670282,0.241865509761388,0.161605206073753,0.425162689804772
"54",0.294617563739377,0.0217186024551464,0.137865911237016,0.367327667610954,0.178470254957507
"55",0.0550595238095238,0.0892857142857143,0.6875,0.0788690476190476,0.0892857142857143
"56",0.0155440414507772,0.46359421870739,0.0818107444777747,0.309244614125989,0.129806381238069
"57",0.0430416068866571,0.503586800573888,0.0329985652797704,0.371592539454806,0.0487804878048781
"58",0.0588581518540318,0.257798705120659,0.109476162448499,0.0494408475573867,0.524426133019423
"59",0.639479095270733,0.0246744345442084,0.148732008224812,0.132967786154901,0.0541466758053461
"60",0.256490134994808,0.387331256490135,0.150571131879543,0.172377985462098,0.0332294911734164
"61",0.131961866532865,0.036628198695434,0.504766683391872,0.296537882589062,0.0301053687907677
"62",0.313799621928166,0.546313799621928,0.0233144297416509,0.0447385003150599,0.0718336483931947
"63",0.104347826086957,0.5,0.147826086956522,0.0739130434782609,0.173913043478261
"64",0.216216216216216,0.22972972972973,0.189189189189189,0.189189189189189,0.175675675675676
"65",0.0237196765498652,0.0234501347708895,0.450673854447439,0.476010781671159,0.0261455525606469
"66",0.263157894736842,0.401002506265664,0.0651629072681704,0.105263157894737,0.165413533834586
"67",0.137155705452501,0.0314783586284429,0.137717818999438,0.632377740303541,0.0612703766160764
"68",0.104089219330855,0.118959107806691,0.152416356877323,0.475836431226766,0.148698884758364
"69",0.161904761904762,0.242857142857143,0.238095238095238,0.138095238095238,0.219047619047619
"70",0.221672167216722,0.608360836083608,0.037953795379538,0.0885588558855886,0.0434543454345435
"71",0.607663248785753,0.166216945493794,0.011332973556395,0.0453318942255801,0.169454937938478
"72",0.311244979919679,0.339357429718876,0.0843373493975904,0.0461847389558233,0.218875502008032
"73",0.221393034825871,0.0746268656716418,0.206467661691542,0.201492537313433,0.296019900497512
"74",0.194805194805195,0.272727272727273,0.194805194805195,0.142857142857143,0.194805194805195
"75",0.102189781021898,0.197080291970803,0.160583941605839,0.109489051094891,0.430656934306569
"76",0.0819112627986348,0.0955631399317406,0.351535836177474,0.279863481228669,0.191126279863481
"77",0.0237918215613383,0.430978934324659,0.023543990086741,0.453035935563817,0.0686493184634449
"78",0.277272727272727,0.359090909090909,0.136363636363636,0.127272727272727,0.1
"79",0.0228050171037628,0.670467502850627,0.0205245153933865,0.215507411630559,0.0706955530216648
"80",0.211267605633803,0.154929577464789,0.225352112676056,0.197183098591549,0.211267605633803
"81",0.517211703958692,0.160068846815835,0.129948364888124,0.14802065404475,0.044750430292599
"82",0.0556552962298025,0.140035906642729,0.0736086175942549,0.312387791741472,0.418312387791741
"83",0.406060606060606,0.218181818181818,0.16969696969697,0.0909090909090909,0.115151515151515
"84",0.656173143138219,0.0349237579931136,0.0959173635022135,0.122479094933596,0.0905066404328578
"85",0.111111111111111,0.196581196581197,0.307692307692308,0.2,0.184615384615385
"86",0.126934984520124,0.126934984520124,0.287925696594427,0.188854489164087,0.269349845201238
"87",0.144491040792985,0.0709111704155547,0.0446054136484941,0.359893252001525,0.380099123141441
"88",0.143572621035058,0.282136894824708,0.27212020033389,0.2220367278798,0.0801335559265442
"89",0.164021164021164,0.238095238095238,0.243386243386243,0.164021164021164,0.19047619047619
"90",0.0413793103448276,0.0162758620689655,0.271448275862069,0.611034482758621,0.0598620689655172
"91",0.186915887850467,0.233644859813084,0.14018691588785,0.158878504672897,0.280373831775701
"92",0.436950146627566,0.187683284457478,0.219941348973607,0.06158357771261,0.093841642228739
"93",0.0793140407288317,0.229367631296892,0.0996784565916399,0.464094319399786,0.127545551982851
"94",0.257142857142857,0.235714285714286,0.192857142857143,0.135714285714286,0.178571428571429
"95",0.149532710280374,0.327102803738318,0.177570093457944,0.14018691588785,0.205607476635514
"96",0.39247311827957,0.172043010752688,0.166666666666667,0.0752688172043011,0.193548387096774
"97",0.175640355462624,0.147935180345008,0.0799790904338735,0.224777835859906,0.371667537898589
"98",0.0845029239766082,0.047953216374269,0.526023391812866,0.251754385964912,0.089766081871345
"99",0.0830728003573024,0.0535953550692273,0.429879410451094,0.371817775792765,0.0616346583296114
"100",0.266666666666667,0.138461538461538,0.225641025641026,0.246153846153846,0.123076923076923
"101",0.057979922147101,0.0518336406474083,0.034419176398279,0.201188281089941,0.654578979717271
"102",0.0819672131147541,0.0432190760059613,0.114754098360656,0.651266766020864,0.108792846497765
"103",0.0582788671023965,0.167211328976035,0.0367647058823529,0.483115468409586,0.25462962962963
"104",0.10793725122922,0.181456333411379,0.154530554905174,0.415593537813158,0.140482322641068
"105",0.136752136752137,0.153846153846154,0.222222222222222,0.333333333333333,0.153846153846154
"106",0.113207547169811,0.0981132075471698,0.0591194968553459,0.0981132075471698,0.631446540880503
"107",0.136363636363636,0.136363636363636,0.414772727272727,0.159090909090909,0.153409090909091
"108",0.261904761904762,0.484737484737485,0.0879120879120879,0.0903540903540904,0.0750915750915751
"109",0.0463231036479444,0.386218876664737,0.122756224667053,0.328604516502606,0.116097278517661
"110",0.2026286966046,0.644578313253012,0.0596933187294633,0.0323110624315444,0.0607886089813801
"111",0.169354838709677,0.25,0.233870967741935,0.145161290322581,0.201612903225806
"112",0.183673469387755,0.0448979591836735,0.118367346938776,0.189795918367347,0.463265306122449
"113",0.0173819412398093,0.608521765882172,0.0570681433625596,0.208429472388863,0.108598677126596
"114",0.182692307692308,0.134615384615385,0.182692307692308,0.153846153846154,0.346153846153846
"115",0.167770419426049,0.640176600441501,0.0463576158940397,0.0949227373068433,0.0507726269315673
"116",0.111256544502618,0.0929319371727749,0.488219895287958,0.170157068062827,0.137434554973822
"117",0.331360946745562,0.136094674556213,0.183431952662722,0.124260355029586,0.224852071005917
"118",0.110164981373071,0.674827035657265,0.0452368281000532,0.116019159127195,0.0537519957424162
"119",0.0573487934816672,0.0570354120965215,0.555938577248511,0.290504544030085,0.0391726731432153
"120",0.397594278283485,0.0169050715214564,0.0266579973992198,0.528933680104031,0.0299089726918075
"121",0.0445103857566766,0.0804154302670623,0.120474777448071,0.489910979228487,0.264688427299703
"122",0.115421002838221,0.365184484389782,0.295175023651845,0.124881740775781,0.0993377483443709
"123",0.209302325581395,0.453488372093023,0.0406976744186047,0.13953488372093,0.156976744186047
"124",0.0196220930232558,0.0590479651162791,0.376271802325581,0.416424418604651,0.128633720930233
"125",0.0945121951219512,0.140243902439024,0.24390243902439,0.402439024390244,0.11890243902439
"126",0.0646332607116921,0.586782861292665,0.185185185185185,0.0268700072621641,0.136528685548293
"127",0.102841677943166,0.0243572395128552,0.373252142534957,0.352954442940911,0.14659449706811
"128",0.0671936758893281,0.294466403162055,0.108695652173913,0.041501976284585,0.488142292490119
"129",0.139784946236559,0.631578947368421,0.0452744765138653,0.123372948500283,0.0599886813808715
"130",0.752066115702479,0.0633608815426997,0.0358126721763085,0.0991735537190083,0.0495867768595041
