"","V1","V2","V3","V4","V5"
"1",0.379310344827586,0.174137931034483,0.0706896551724138,0.118965517241379,0.256896551724138
"2",0.328571428571429,0.0785714285714286,0.178571428571429,0.15952380952381,0.254761904761905
"3",0.403326403326403,0.0384615384615385,0.128898128898129,0.345114345114345,0.0841995841995842
"4",0.248633879781421,0.0628415300546448,0.0683060109289618,0.478142076502732,0.14207650273224
"5",0.442105263157895,0.163157894736842,0.121052631578947,0.171052631578947,0.102631578947368
"6",0.031236251649802,0.0373955125384954,0.0303563572371315,0.764188297404311,0.13682358117026
"7",0.425339366515837,0.144796380090498,0.14027149321267,0.113122171945701,0.176470588235294
"8",0.0243243243243243,0.0601351351351351,0.642905405405405,0.0780405405405405,0.194594594594595
"9",0.225,0.125,0.125,0.384375,0.140625
"10",0.0193683475833188,0.0776478799511429,0.524341301692549,0.0577560635142209,0.320886407258768
"11",0.0121489077128845,0.00802496656263932,0.0188363798484173,0.8315871600535,0.129402585822559
"12",0.034061135371179,0.22707423580786,0.247161572052402,0.133624454148472,0.358078602620087
"13",0.41015625,0.197265625,0.119140625,0.04296875,0.23046875
"14",0.730886850152905,0.0397553516819572,0.0581039755351682,0.0626911314984709,0.108562691131498
"15",0.174037909247559,0.103388856978748,0.0551407237219989,0.176335439402642,0.491097070649052
"16",0.127579737335835,0.328330206378987,0.133208255159475,0.0544090056285178,0.356472795497186
"17",0.245901639344262,0.153005464480874,0.234972677595628,0.12568306010929,0.240437158469945
"18",0.149019607843137,0.352941176470588,0.180392156862745,0.0901960784313725,0.227450980392157
"19",0.457831325301205,0.072289156626506,0.072289156626506,0.134939759036145,0.262650602409639
"20",0.23469387755102,0.244897959183673,0.204081632653061,0.204081632653061,0.112244897959184
"21",0.0111275964391691,0.00593471810089021,0.0504451038575668,0.897811572700297,0.0346810089020771
"22",0.367924528301887,0.0636792452830189,0.17688679245283,0.120283018867925,0.27122641509434
"23",0.013102119460501,0.0107899807321773,0.0441233140655106,0.417148362235067,0.514836223506744
"24",0.0904383845357266,0.0241629271660338,0.147393855712806,0.64963755609251,0.0883672764929237
"25",0.280476626947754,0.0586617781851512,0.0650779101741522,0.0953253895508708,0.500458295142072
"26",0.215686274509804,0.196078431372549,0.196078431372549,0.196078431372549,0.196078431372549
"27",0.591093117408907,0.117408906882591,0.0850202429149798,0.101214574898785,0.105263157894737
"28",0.0289189189189189,0.54945945945946,0.195135135135135,0.04,0.186486486486486
"29",0.375607931163487,0.0823045267489712,0.0609801720912832,0.163860830527497,0.317246539468762
"30",0.457274826789838,0.081986143187067,0.0450346420323326,0.0392609699769053,0.376443418013857
"31",0.467336683417085,0.0921273031825796,0.120603015075377,0.0753768844221105,0.244556113902848
"32",0.392857142857143,0.0714285714285714,0.120535714285714,0.238839285714286,0.176339285714286
"33",0.215686274509804,0.196078431372549,0.196078431372549,0.196078431372549,0.196078431372549
"34",0.022294887039239,0.596908442330559,0.0243757431629013,0.031807372175981,0.32461355529132
"35",0.405797101449275,0.144927536231884,0.13768115942029,0.0942028985507246,0.217391304347826
"36",0.0470116618075802,0.56268221574344,0.135932944606414,0.0572157434402332,0.197157434402332
"37",0.215686274509804,0.196078431372549,0.196078431372549,0.196078431372549,0.196078431372549
"38",0.0110745285842562,0.0107752170008979,0.110894941634241,0.155043400179587,0.712211912601018
"39",0.222058099458395,0.0561299852289513,0.0472673559822747,0.0925652387986214,0.581979320531758
"40",0.142748671222475,0.105163249810175,0.435459377372817,0.133257403189066,0.183371298405467
"41",0.153333333333333,0.171111111111111,0.292222222222222,0.0877777777777778,0.295555555555556
"42",0.261831591886908,0.173325138291334,0.057160417947142,0.0706822372464659,0.43700061462815
"43",0.0415860735009671,0.471953578336557,0.0928433268858801,0.0193423597678917,0.374274661508704
"44",0.487446417636252,0.0740967544396816,0.0661359461114513,0.035517452541335,0.33680342927128
"45",0.0589970501474926,0.248770894788594,0.195673549655851,0.0943952802359882,0.402163225172075
"46",0.0101651842439644,0.85705209656925,0.0478081321473952,0.0268424396442186,0.0581321473951715
"47",0.509433962264151,0.0754716981132075,0.0981132075471698,0.177358490566038,0.139622641509434
"48",0.0145143282471157,0.354670636397469,0.183848157796799,0.125046520282843,0.321920357275772
"49",0.444444444444444,0.0748792270531401,0.128019323671498,0.0990338164251208,0.253623188405797
"50",0.117977528089888,0.574282147315855,0.18976279650437,0.0380774032459426,0.0799001248439451
"51",0.0264026402640264,0.0506050605060506,0.677117711771177,0.184818481848185,0.0610561056105611
"52",0.011726206708481,0.424597763839651,0.0919007362967003,0.145350422688846,0.326424870466321
"53",0.163461538461538,0.182692307692308,0.163461538461538,0.288461538461538,0.201923076923077
"54",0.412698412698413,0.0661375661375661,0.124338624338624,0.193121693121693,0.203703703703704
"55",0.0968634686346864,0.0341328413284133,0.0811808118081181,0.0461254612546125,0.74169741697417
"56",0.0810679611650485,0.140776699029126,0.329611650485437,0.0237864077669903,0.424757281553398
"57",0.147058823529412,0.147058823529412,0.323529411764706,0.176470588235294,0.205882352941176
"58",0.158932714617169,0.0951276102088167,0.212296983758701,0.0452436194895592,0.488399071925754
"59",0.0171821305841924,0.0112911143838979,0.0138684339715268,0.767550319096711,0.190108001963672
"60",0.00595813204508857,0.00756843800322061,0.00950080515297907,0.847342995169082,0.12962962962963
"61",0.335051546391753,0.157216494845361,0.201030927835052,0.177835051546392,0.128865979381443
"62",0.111801242236025,0.366459627329193,0.130434782608696,0.149068322981366,0.242236024844721
"63",0.377643504531722,0.0876132930513595,0.0453172205438066,0.0785498489425982,0.410876132930514
"64",0.497716894977169,0.0342465753424658,0.236301369863014,0.0599315068493151,0.171803652968037
"65",0.0305658818669971,0.0669144981412639,0.06030565881867,0.0607187112763321,0.781495249896737
"66",0.252252252252252,0.148648648648649,0.166666666666667,0.306306306306306,0.126126126126126
"67",0.0746987951807229,0.479518072289157,0.146987951807229,0.0481927710843374,0.250602409638554
"68",0.104838709677419,0.233870967741935,0.258064516129032,0.104838709677419,0.298387096774194
"69",0.0264438332980749,0.0791199492278401,0.657922572456103,0.0833509625555321,0.15316268246245
"70",0.119291447550512,0.402989205646277,0.0888458344865763,0.0221422640464988,0.366731248270136
"71",0.106154714850367,0.0841332580463015,0.645398080180689,0.0542066629023151,0.110107284020328
"72",0.0605652759084791,0.278600269179004,0.141318977119785,0.072678331090175,0.446837146702557
"73",0.0113052415210689,0.0179856115107914,0.533401849948613,0.361253854059609,0.0760534429599178
"74",0.465437788018433,0.0714285714285714,0.0990783410138249,0.110599078341014,0.253456221198157
"75",0.344387755102041,0.0969387755102041,0.142857142857143,0.186224489795918,0.229591836734694
"76",0.702637889688249,0.0635491606714628,0.0647482014388489,0.0491606714628297,0.119904076738609
"77",0.0215411947590495,0.772818121252498,0.0715078836331335,0.0326449033977348,0.101487896957584
"78",0.636853448275862,0.0474137931034483,0.0344827586206897,0.0872844827586207,0.193965517241379
"79",0.456521739130435,0.101449275362319,0.115942028985507,0.144927536231884,0.181159420289855
"80",0.0260252365930599,0.517350157728707,0.126971608832808,0.0394321766561514,0.290220820189274
"81",0.0809674027339642,0.0231335436382755,0.0557308096740273,0.787592008412198,0.0525762355415352
"82",0.424242424242424,0.12396694214876,0.228650137741047,0.101928374655647,0.121212121212121
"83",0.0113945999504583,0.0195689868714392,0.0190735694822888,0.78573197919247,0.164230864503344
"84",0.0216358839050132,0.437115215479332,0.142128408091469,0.0504837291116974,0.348636763412489
"85",0.0185377236193933,0.0370754472387866,0.0994296085040187,0.460331864143116,0.384625356494685
"86",0.215686274509804,0.196078431372549,0.196078431372549,0.196078431372549,0.196078431372549
"87",0.12303664921466,0.535340314136126,0.174083769633508,0.0418848167539267,0.12565445026178
"88",0.126934984520124,0.284829721362229,0.328173374613003,0.0773993808049536,0.18266253869969
"89",0.0479610156450372,0.461400359066427,0.126699153629136,0.00923313670171839,0.354706334957681
"90",0.078125,0.0296875,0.0375,0.634375,0.2203125
"91",0.199488491048593,0.143222506393862,0.153452685421995,0.260869565217391,0.242966751918159
"92",0.299276672694394,0.0904159132007233,0.100361663652803,0.0497287522603978,0.460216998191682
"93",0.0929541595925297,0.0785229202037351,0.0657894736842105,0.0895585738539898,0.673174872665535
"94",0.419558359621451,0.116719242902208,0.0977917981072555,0.186119873817035,0.17981072555205
"95",0.296470588235294,0.0729411764705882,0.232941176470588,0.138823529411765,0.258823529411765
"96",0.294202898550725,0.228985507246377,0.0855072463768116,0.0811594202898551,0.310144927536232
"97",0.549180327868853,0.0983606557377049,0.0860655737704918,0.147540983606557,0.118852459016393
"98",0.143847487001733,0.048526863084922,0.116117850953206,0.0901213171577123,0.601386481802426
"99",0.140845070422535,0.27364185110664,0.126760563380282,0.0804828973843058,0.378269617706237
"100",0.248251748251748,0.041958041958042,0.101398601398601,0.486013986013986,0.122377622377622
"101",0.196078431372549,0.196078431372549,0.215686274509804,0.196078431372549,0.196078431372549
"102",0.35195530726257,0.0810055865921788,0.131284916201117,0.11731843575419,0.318435754189944
"103",0.591474245115453,0.0241563055062167,0.0220248667850799,0.123623445825933,0.238721136767318
"104",0.226277372262774,0.277372262773723,0.197080291970803,0.116788321167883,0.182481751824818
"105",0.262365591397849,0.176344086021505,0.173118279569892,0.0311827956989247,0.356989247311828
"106",0.196078431372549,0.196078431372549,0.196078431372549,0.215686274509804,0.196078431372549
"107",0.0115830115830116,0.0161460161460161,0.0610740610740611,0.783081783081783,0.128115128115128
"108",0.215686274509804,0.196078431372549,0.196078431372549,0.196078431372549,0.196078431372549
"109",0.263565891472868,0.162790697674419,0.162790697674419,0.224806201550388,0.186046511627907
"110",0.152941176470588,0.284705882352941,0.211764705882353,0.0705882352941176,0.28
"111",0.37852593266606,0.0737033666969973,0.315741583257507,0.0582347588717015,0.173794358507734
"112",0.196078431372549,0.196078431372549,0.196078431372549,0.215686274509804,0.196078431372549
"113",0.0482362940926477,0.175733106672333,0.354228644283893,0.0639609009774756,0.357841053973651
"114",0.154034229828851,0.234718826405868,0.163814180929095,0.119804400977995,0.327628361858191
"115",0.537142857142857,0.0628571428571429,0.0571428571428571,0.173333333333333,0.16952380952381
"116",0.14375,0.33125,0.18125,0.11875,0.225
"117",0.0171468728039353,0.0123682361208714,0.0413211524947294,0.749121574139143,0.180042164441321
"118",0.200996677740864,0.0930232558139535,0.421926910299003,0.0747508305647841,0.209302325581395
"119",0.215686274509804,0.196078431372549,0.196078431372549,0.196078431372549,0.196078431372549
"120",0.0126063662149385,0.0392373148439962,0.529467381027419,0.281437125748503,0.137251812165143
"121",0.196078431372549,0.196078431372549,0.215686274509804,0.196078431372549,0.196078431372549
"122",0.49233464739378,0.157687253613666,0.117827420061323,0.0424879544459045,0.189662724485326
"123",0.0500736377025037,0.0368188512518409,0.100147275405007,0.662739322533137,0.150220913107511
"124",0.43010752688172,0.0349462365591398,0.0376344086021505,0.125,0.372311827956989
"125",0.0239559728067336,0.0229847847199741,0.0573000971188087,0.721592748462285,0.174166396892198
