"","V1","V2","V3","V4","V5"
"1",0.190283400809717,0.0890688259109312,0.186234817813765,0.198380566801619,0.336032388663968
"2",0.123766135155657,0.0873196659073652,0.13287775246773,0.0918754745634017,0.564160971905847
"3",0.0537313432835821,0.124520255863539,0.252452025586354,0.0784648187633262,0.490831556503198
"4",0.0715096481271283,0.116912599318956,0.290578887627696,0.306469920544835,0.214528944381385
"5",0.0922509225092251,0.0811808118081181,0.523985239852399,0.114391143911439,0.188191881918819
"6",0.0667522464698331,0.0629011553273428,0.269576379974326,0.138639281129653,0.462130937098845
"7",0.196078431372549,0.196078431372549,0.196078431372549,0.196078431372549,0.215686274509804
"8",0.652912621359223,0.0533980582524272,0.0983009708737864,0.0740291262135922,0.121359223300971
"9",0.196078431372549,0.196078431372549,0.196078431372549,0.196078431372549,0.215686274509804
"10",0.204411764705882,0.0735294117647059,0.355882352941176,0.138235294117647,0.227941176470588
"11",0.0186189708253922,0.0255094560914822,0.487171968919513,0.201876557689488,0.266823046474124
"12",0.149253731343284,0.124378109452736,0.213930348258706,0.0995024875621891,0.412935323383085
"13",0.135483870967742,0.0602150537634409,0.438709677419355,0.144086021505376,0.221505376344086
"14",0.118949958982773,0.0317199890620727,0.513809133169264,0.282471971561389,0.053048947224501
"15",0.620590352771778,0.0266378689704824,0.0928725701943845,0.228221742260619,0.0316774658027358
"16",0.323185011709602,0.100702576112412,0.103044496487119,0.185011709601874,0.288056206088993
"17",0.434825870646766,0.085771144278607,0.290547263681592,0.0748258706467662,0.114029850746269
"18",0.196078431372549,0.196078431372549,0.215686274509804,0.196078431372549,0.196078431372549
"19",0.196078431372549,0.196078431372549,0.215686274509804,0.196078431372549,0.196078431372549
"20",0.196078431372549,0.196078431372549,0.196078431372549,0.196078431372549,0.215686274509804
"21",0.196078431372549,0.196078431372549,0.196078431372549,0.196078431372549,0.215686274509804
"22",0.0309842041312272,0.0407047387606318,0.524301336573512,0.132442284325638,0.271567436208991
"23",0.0263798701298701,0.900771103896104,0.0612824675324675,0.00710227272727273,0.00446428571428571
"24",0.149122807017544,0.043859649122807,0.0292397660818713,0.734649122807018,0.0431286549707602
"25",0.0983606557377049,0.204918032786885,0.204918032786885,0.172131147540984,0.319672131147541
"26",0.299469111969112,0.0299227799227799,0.0900096525096525,0.125241312741313,0.455357142857143
"27",0.026386404293381,0.0491949910554562,0.274150268336315,0.589445438282648,0.0608228980322004
"28",0.0875684128225176,0.0336200156372166,0.063721657544957,0.0770132916340891,0.73807662236122
"29",0.0494208494208494,0.0231660231660232,0.088030888030888,0.172972972972973,0.666409266409266
"30",0.0621890547263682,0.082089552238806,0.328358208955224,0.0771144278606965,0.450248756218905
"31",0.192307692307692,0.192307692307692,0.192307692307692,0.192307692307692,0.230769230769231
"32",0.196078431372549,0.196078431372549,0.215686274509804,0.196078431372549,0.196078431372549
"33",0.085334695963209,0.0546755237608585,0.260091977516607,0.203883495145631,0.396014307613694
"34",0.195945945945946,0.0867117117117117,0.329954954954955,0.138513513513514,0.248873873873874
"35",0.184132841328413,0.52619926199262,0.258856088560886,0.0103321033210332,0.020479704797048
"36",0.0401119402985075,0.0438432835820896,0.341728855721393,0.249067164179104,0.325248756218905
"37",0.0735294117647059,0.0546218487394958,0.379201680672269,0.217436974789916,0.275210084033613
"38",0.0558292282430213,0.077175697865353,0.311986863711002,0.149425287356322,0.405582922824302
"39",0.137768240343348,0.0523605150214592,0.486695278969957,0.0858369098712446,0.237339055793991
"40",0.234640140433002,0.0807489760093622,0.0877706260971328,0.07489760093622,0.521942656524283
"41",0.248373101952278,0.0596529284164859,0.168112798264642,0.096529284164859,0.427331887201735
"42",0.424242424242424,0.0757575757575758,0.0852272727272727,0.106060606060606,0.308712121212121
"43",0.575060532687651,0.0411622276029056,0.0641646489104116,0.0653753026634383,0.254237288135593
"44",0.0538302277432712,0.072463768115942,0.27536231884058,0.246376811594203,0.351966873706004
"45",0.0450297366185217,0.064570943075616,0.244689889549703,0.124893797790994,0.520815632965166
"46",0.0679611650485437,0.0674757281553398,0.383495145631068,0.249029126213592,0.232038834951456
"47",0.0819070904645477,0.0427872860635697,0.0366748166259169,0.265281173594132,0.573349633251834
"48",0.0984455958549223,0.119170984455959,0.290155440414508,0.0984455958549223,0.393782383419689
"49",0.165893271461717,0.0452436194895592,0.493039443155452,0.151972157772622,0.14385150812065
"50",0.172569706103994,0.0881688018085908,0.0663149962321025,0.651846269781462,0.0211002260738508
"51",0.0362728785357737,0.03261231281198,0.332113144758735,0.136106489184692,0.462895174708819
"52",0.090864075266155,0.0735330527358257,0.475365189403318,0.0430799702896757,0.317157712305026
"53",0.196078431372549,0.196078431372549,0.215686274509804,0.196078431372549,0.196078431372549
"54",0.0302140159462862,0.024339068401175,0.375577003776752,0.111624003357113,0.458245908518674
"55",0.198634521015575,0.399189246852998,0.236825261361212,0.0925965436313207,0.0727544271388948
"56",0.196187972395662,0.0170883996056523,0.045678606638186,0.702924745317121,0.0381202760433782
"57",0.113725490196078,0.0745098039215686,0.276470588235294,0.2,0.335294117647059
"58",0.908850123298931,0.0361676865467166,0.0151155356653576,0.0281304228696685,0.011736231619326
"59",0.159029649595687,0.148247978436658,0.261455525606469,0.323450134770889,0.107816711590297
"60",0.118881118881119,0.118881118881119,0.307692307692308,0.111888111888112,0.342657342657343
"61",0.201743462017435,0.0386052303860523,0.0983810709838107,0.230386052303861,0.430884184308842
"62",0.0578990901571547,0.0301902398676592,0.672456575682382,0.11166253101737,0.127791563275434
"63",0.0759493670886076,0.0569620253164557,0.219409282700422,0.164556962025316,0.483122362869198
"64",0.196078431372549,0.215686274509804,0.196078431372549,0.196078431372549,0.196078431372549
"65",0.0498687664041995,0.0866141732283465,0.215223097112861,0.094488188976378,0.553805774278215
"66",0.00724142642437492,0.97158081705151,0.00970077879491734,0.00368902855581364,0.00778794917338434
"67",0.0134589502018843,0.0648721399730821,0.585733512786003,0.0952893674293405,0.24064602960969
"68",0.0638655462184874,0.0722689075630252,0.243697478991597,0.166386554621849,0.453781512605042
"69",0.778684408737133,0.197966357017324,0.00866181270399197,0.010293748430831,0.00439367311072056
"70",0.0946547884187082,0.0389755011135857,0.282850779510022,0.153674832962138,0.429844097995546
"71",0.0175381617408249,0.0584605391360831,0.276063657031504,0.04059759662228,0.607340045469308
"72",0.302034428794992,0.054773082942097,0.15962441314554,0.0954616588419405,0.38810641627543
"73",0.0216756982075865,0.0444629706822287,0.0857301653466722,0.21078227039044,0.637348895373072
"74",0.32725321888412,0.190987124463519,0.224248927038627,0.218884120171674,0.0386266094420601
"75",0.0411347517730496,0.0411347517730496,0.325295508274232,0.0988179669030733,0.493617021276596
"76",0.218375499334221,0.0292942743009321,0.291611185086551,0.129161118508655,0.33155792276964
"77",0.0960658737419945,0.10064043915828,0.0329368709972553,0.738334858188472,0.0320219579139982
"78",0.583744420953723,0.0528541226215645,0.0660089264740428,0.125440451021846,0.171952078928823
"79",0.102803738317757,0.0841121495327103,0.32398753894081,0.0809968847352025,0.40809968847352
"80",0.32896174863388,0.0601092896174863,0.33879781420765,0.0797814207650273,0.192349726775956
"81",0.0795593635250918,0.0795593635250918,0.0771113831089351,0.680538555691554,0.0832313341493268
"82",0.143939393939394,0.128787878787879,0.265151515151515,0.25,0.212121212121212
"83",0.108932461873638,0.0762527233115468,0.161220043572985,0.344226579520697,0.309368191721133
"84",0.0286709539121115,0.0779742765273312,0.0806538049303323,0.0640407288317256,0.748660235798499
"85",0.185515873015873,0.23015873015873,0.404761904761905,0.111111111111111,0.068452380952381
"86",0.152619589977221,0.0387243735763098,0.0956719817767654,0.0455580865603645,0.667425968109339
"87",0.044280442804428,0.095479704797048,0.210793357933579,0.522140221402214,0.127306273062731
"88",0.125475285171103,0.0760456273764259,0.091254752851711,0.380228136882129,0.326996197718631
"89",0.258445945945946,0.132432432432432,0.308108108108108,0.246959459459459,0.0540540540540541
"90",0.264,0.054,0.28,0.102,0.3
"91",0.290780141843972,0.076241134751773,0.124113475177305,0.129432624113475,0.379432624113475
"92",0.188023656973879,0.0529817644159685,0.180877279448004,0.506899950714638,0.0712173484475111
"93",0.025,0.0555,0.6455,0.121,0.153
"94",0.066571224051539,0.0876879026485326,0.545454545454545,0.0478406108327368,0.252445717012646
"95",0.109274193548387,0.0770161290322581,0.128629032258065,0.640725806451613,0.0443548387096774
"96",0.14542225730071,0.0503157063930545,0.0653117600631413,0.718232044198895,0.0207182320441989
"97",0.357791225416036,0.186838124054463,0.309379727685325,0.0960665658093797,0.0499243570347958
"98",0.0712779417967103,0.0636862083509068,0.412484183888655,0.165752846900042,0.286798819063686
"99",0.168356997971602,0.0709939148073022,0.320486815415822,0.346855983772819,0.0933062880324544
"100",0.0807453416149068,0.0598935226264419,0.529281277728483,0.175244010647737,0.154835847382431
"101",0.169230769230769,0.0974358974358974,0.225641025641026,0.358974358974359,0.148717948717949
"102",0.372259782831387,0.0700676090964966,0.0631018233968449,0.416513009629174,0.0780577750460971
"103",0.110987791342952,0.0599334073251942,0.253052164261931,0.294117647058824,0.281908990011099
"104",0.0156521739130435,0.965465838509317,0.00720496894409938,0.00670807453416149,0.00496894409937888
"105",0.111111111111111,0.0972222222222222,0.263888888888889,0.0925925925925926,0.435185185185185
"106",0.0637254901960784,0.632352941176471,0.238970588235294,0.039828431372549,0.0251225490196078
"107",0.131531531531532,0.0738738738738739,0.196396396396396,0.0828828828828829,0.515315315315315
"108",0.0834312573443008,0.082256169212691,0.459459459459459,0.0611045828437133,0.313748531139835
"109",0.216589861751152,0.122119815668203,0.368663594470046,0.17741935483871,0.115207373271889
"110",0.196078431372549,0.196078431372549,0.196078431372549,0.196078431372549,0.215686274509804
"111",0.402797534376482,0.0331910858226648,0.365101944049312,0.0637743006164059,0.135135135135135
"112",0.0274105518496058,0.952456033959976,0.00679199514857489,0.00836870830806549,0.00497271073377805
"113",0.0455675227837614,0.0459817729908865,0.689312344656172,0.0592377796188898,0.15990057995029
"114",0.0450606585788562,0.192374350086655,0.235701906412478,0.0467937608318891,0.480069324090121
"115",0.12280701754386,0.12719298245614,0.298245614035088,0.179824561403509,0.271929824561404
"116",0.12751677852349,0.0805369127516778,0.0704697986577181,0.61744966442953,0.104026845637584
"117",0.102702702702703,0.0540540540540541,0.358108108108108,0.262162162162162,0.222972972972973
"118",0.0748239436619718,0.433098591549296,0.0897887323943662,0.317781690140845,0.0845070422535211
"119",0.0469255663430421,0.0401833872707659,0.789913700107875,0.0331715210355987,0.0898058252427184
"120",0.121807465618861,0.0943025540275049,0.218074656188605,0.371316306483301,0.194499017681729
"121",0.15954415954416,0.0769230769230769,0.056980056980057,0.376068376068376,0.33048433048433
"122",0.0797270955165692,0.0440545808966862,0.638011695906433,0.158284600389864,0.0799220272904483
"123",0.168269230769231,0.0865384615384615,0.149038461538462,0.307692307692308,0.288461538461538
"124",0.217054263565891,0.186046511627907,0.13953488372093,0.0852713178294574,0.372093023255814
"125",0.143989431968296,0.0647291941875826,0.187582562747688,0.175693527080581,0.428005284015852
"126",0.106382978723404,0.134751773049645,0.269503546099291,0.191489361702128,0.297872340425532
"127",0.117416829745597,0.0587084148727984,0.0626223091976517,0.103718199608611,0.657534246575342
"128",0.0800524934383202,0.101049868766404,0.140419947506562,0.233595800524934,0.44488188976378
"129",0.398601398601399,0.0839160839160839,0.118881118881119,0.13986013986014,0.258741258741259
"130",0.196078431372549,0.196078431372549,0.196078431372549,0.196078431372549,0.215686274509804
