"","V1","V2","V3","V4","V5"
"1",0.131034482758621,0.144827586206897,0.0827586206896552,0.462068965517241,0.179310344827586
"2",0.175757575757576,0.181818181818182,0.103030303030303,0.127272727272727,0.412121212121212
"3",0.189320388349515,0.111650485436893,0.0825242718446602,0.393203883495146,0.223300970873786
"4",0.196078431372549,0.196078431372549,0.215686274509804,0.196078431372549,0.196078431372549
"5",0.22337870296237,0.156124899919936,0.190552441953563,0.0792634107285829,0.350680544435548
"6",0.114537444933921,0.20704845814978,0.118942731277533,0.352422907488987,0.20704845814978
"7",0.237113402061856,0.154639175257732,0.134020618556701,0.206185567010309,0.268041237113402
"8",0.382608695652174,0.139130434782609,0.252173913043478,0.104347826086957,0.121739130434783
"9",0.196078431372549,0.196078431372549,0.215686274509804,0.196078431372549,0.196078431372549
"10",0.254901960784314,0.0980392156862745,0.0849673202614379,0.0915032679738562,0.470588235294118
"11",0.146520146520147,0.15018315018315,0.128205128205128,0.161172161172161,0.413919413919414
"12",0.115079365079365,0.115079365079365,0.0753968253968254,0.0634920634920635,0.630952380952381
"13",0.196078431372549,0.196078431372549,0.215686274509804,0.196078431372549,0.196078431372549
"14",0.147410358565737,0.139442231075697,0.0916334661354582,0.123505976095618,0.49800796812749
"15",0.0825688073394495,0.113149847094801,0.055045871559633,0.691131498470948,0.0581039755351682
"16",0.0680100755667506,0.0705289672544081,0.0554156171284635,0.702770780856423,0.103274559193955
"17",0.270236612702366,0.0647571606475716,0.0224159402241594,0.171855541718555,0.470734744707347
"18",0.196078431372549,0.196078431372549,0.215686274509804,0.196078431372549,0.196078431372549
"19",0.2,0.284210526315789,0.157894736842105,0.115789473684211,0.242105263157895
"20",0.032122905027933,0.0251396648044693,0.0279329608938547,0.870111731843575,0.0446927374301676
"21",0.119001919385797,0.0479846449136276,0.0345489443378119,0.72936660268714,0.0690978886756238
"22",0.175572519083969,0.122137404580153,0.145038167938931,0.0916030534351145,0.465648854961832
"23",0.211356466876972,0.113564668769716,0.201892744479495,0.334384858044164,0.138801261829653
"24",0.30723819301848,0.518737166324435,0.0852156057494867,0.0377310061601643,0.0510780287474333
"25",0.370643431635389,0.195710455764075,0.35254691689008,0.0449061662198391,0.0361930294906166
"26",0.241635687732342,0.405204460966543,0.0743494423791822,0.193308550185874,0.0855018587360595
"27",0.242424242424242,0.143939393939394,0.113636363636364,0.242424242424242,0.257575757575758
"28",0.36144578313253,0.156626506024096,0.120481927710843,0.132530120481928,0.228915662650602
"29",0.860550458715596,0.0380078636959371,0.0259501965923984,0.0414154652686763,0.0340760157273919
"30",0.100354191263282,0.0413223140495868,0.0283353010625738,0.744982290436836,0.0850059031877214
"31",0.622307324078506,0.0732407850646242,0.0220201053135472,0.245093346098612,0.0373384394447104
"32",0.203883495145631,0.155339805825243,0.12621359223301,0.106796116504854,0.407766990291262
"33",0.0727762803234501,0.0808625336927224,0.0404312668463612,0.765498652291105,0.0404312668463612
"34",0.146341463414634,0.121951219512195,0.113821138211382,0.146341463414634,0.471544715447154
"35",0.295731707317073,0.0403963414634146,0.0731707317073171,0.477134146341463,0.113567073170732
"36",0.168604651162791,0.116279069767442,0.162790697674419,0.122093023255814,0.430232558139535
"37",0.0935143288084465,0.0834590246354952,0.0291603821015586,0.138260432378079,0.65560583207642
"38",0.245614035087719,0.114035087719298,0.184210526315789,0.140350877192982,0.315789473684211
"39",0.0207075064710958,0.0720448662640207,0.86993097497843,0.0166091458153581,0.0207075064710958
"40",0.0979381443298969,0.154639175257732,0.355670103092784,0.175257731958763,0.216494845360825
"41",0.150895140664962,0.470588235294118,0.0780051150895141,0.164961636828645,0.135549872122762
"42",0.174397031539889,0.203617810760668,0.086734693877551,0.0412801484230056,0.493970315398887
"43",0.091304347826087,0.347826086956522,0.2,0.226086956521739,0.134782608695652
"44",0.178947368421053,0.126315789473684,0.136842105263158,0.189473684210526,0.368421052631579
"45",0.270949720670391,0.131284916201117,0.053072625698324,0.0949720670391061,0.449720670391061
"46",0.190909090909091,0.104545454545455,0.15,0.181818181818182,0.372727272727273
"47",0.196078431372549,0.196078431372549,0.215686274509804,0.196078431372549,0.196078431372549
"48",0.134146341463415,0.158536585365854,0.134146341463415,0.25609756097561,0.317073170731707
"49",0.180412371134021,0.170103092783505,0.134020618556701,0.211340206185567,0.304123711340206
"50",0.250620347394541,0.203473945409429,0.148883374689826,0.0744416873449131,0.32258064516129
"51",0.120315581854043,0.171597633136095,0.171597633136095,0.0710059171597633,0.465483234714004
"52",0.177732079905993,0.0687426556991774,0.0264394829612221,0.691833137485311,0.0352526439482961
"53",0.209830866807611,0.193446088794926,0.222515856236786,0.0280126849894292,0.346194503171247
"54",0.0804195804195804,0.0594405594405594,0.0559440559440559,0.734265734265734,0.0699300699300699
"55",0.105105105105105,0.117117117117117,0.0780780780780781,0.591591591591592,0.108108108108108
"56",0.406639004149378,0.232365145228216,0.0788381742738589,0.132780082987552,0.149377593360996
"57",0.196078431372549,0.196078431372549,0.215686274509804,0.196078431372549,0.196078431372549
"58",0.127551020408163,0.147959183673469,0.102040816326531,0.102040816326531,0.520408163265306
"59",0.433468485071876,0.244747511979359,0.22558053814965,0.0681901953556948,0.0280132694434206
"60",0.196078431372549,0.196078431372549,0.215686274509804,0.196078431372549,0.196078431372549
"61",0.0784313725490196,0.0833333333333333,0.0686274509803922,0.612745098039216,0.156862745098039
"62",0.171232876712329,0.273972602739726,0.116438356164384,0.301369863013699,0.136986301369863
"63",0.170731707317073,0.154471544715447,0.284552845528455,0.178861788617886,0.211382113821138
"64",0.356770833333333,0.0729166666666667,0.0442708333333333,0.21875,0.307291666666667
"65",0.203904555314534,0.0824295010845987,0.0585683297180043,0.540130151843818,0.114967462039046
"66",0.223922114047288,0.0570236439499305,0.043115438108484,0.262865090403338,0.41307371349096
"67",0.185099846390169,0.0576036866359447,0.526881720430108,0.0721966205837174,0.158218125960061
"68",0.278260869565217,0.243478260869565,0.0826086956521739,0.104347826086957,0.291304347826087
"69",0.328947368421053,0.075,0.0631578947368421,0.0868421052631579,0.446052631578947
"70",0.173469387755102,0.17687074829932,0.170068027210884,0.102040816326531,0.377551020408163
"71",0.0259165613147914,0.922250316055626,0.034134007585335,0.0072692793931732,0.0104298356510746
"72",0.196078431372549,0.196078431372549,0.215686274509804,0.196078431372549,0.196078431372549
"73",0.133986928104575,0.415032679738562,0.0686274509803922,0.127450980392157,0.254901960784314
"74",0.230557467309016,0.139710942876807,0.156228492773572,0.0295939435650379,0.443909153475568
"75",0.58352144469526,0.0959367945823928,0.0304740406320542,0.0496613995485327,0.240406320541761
"76",0.281746031746032,0.130952380952381,0.134920634920635,0.154761904761905,0.297619047619048
"77",0.107142857142857,0.258928571428571,0.125,0.196428571428571,0.3125
"78",0.335208098987627,0.125421822272216,0.0854893138357705,0.123172103487064,0.330708661417323
"79",0.299065420560748,0.11214953271028,0.130841121495327,0.177570093457944,0.280373831775701
"80",0.171974522292994,0.191082802547771,0.203821656050955,0.152866242038217,0.280254777070064
"81",0.144628099173554,0.214876033057851,0.140495867768595,0.388429752066116,0.111570247933884
"82",0.409326424870466,0.22279792746114,0.0466321243523316,0.22279792746114,0.0984455958549223
