"","V1","V2","V3","V4","V5"
"1",0.277704485488127,0.0171503957783641,0.547493403693931,0.129947229551451,0.0277044854881266
"2",0.0331941959848937,0.162790697674419,0.0101371496720334,0.080898429735639,0.712979526933015
"3",0.0802498798654493,0.0619894281595387,0.0430081691494474,0.0329168668909178,0.781835655934647
"4",0.0840579710144927,0.0247987117552335,0.00772946859903382,0.0507246376811594,0.832689210950081
"5",0.0466427473090723,0.850076883649411,0.0269092772936955,0.0235776524859047,0.052793439261917
"6",0.59291572151457,0.00959692898272553,0.0656080963182691,0.264002791833886,0.0678764613505496
"7",0.048267743020518,0.00773629330642449,0.147662293979146,0.696434577867474,0.0998990918264379
"8",0.0397335236735665,0.365453247680228,0.0195098738995955,0.529145848203664,0.0461575065429455
"9",0.0267931436179065,0.018805125644866,0.018139457480446,0.90431020136462,0.0319520718921618
"10",0.13349131121643,0.0244865718799368,0.142969984202212,0.555292259083728,0.143759873617694
"11",0.533508158508158,0.0233100233100233,0.0050990675990676,0.350961538461538,0.0871212121212121
"12",0.136645962732919,0.0351966873706004,0.134575569358178,0.198757763975155,0.494824016563147
"13",0.13903743315508,0.0748663101604278,0.131016042780749,0.200534759358289,0.454545454545455
"14",0.145631644592267,0.00611747936093128,0.82865118489042,0.0147294648690384,0.00487022628734335
"15",0.760526315789474,0.0517543859649123,0.0552631578947368,0.0657894736842105,0.0666666666666667
"16",0.0403943255590286,0.304640538591007,0.410916085597499,0.0596297186823756,0.184419331570089
"17",0.091644204851752,0.0362196765498652,0.0673854447439353,0.744272237196765,0.0604784366576819
"18",0.045324427480916,0.00538440567066521,0.859698745910578,0.0798800436205016,0.00971237731733915
"19",0.882122905027933,0.011731843575419,0.043854748603352,0.0483240223463687,0.0139664804469274
"20",0.0587121212121212,0.0321969696969697,0.452651515151515,0.413825757575758,0.0426136363636364
"21",0.827407663099758,0.0224370037970314,0.0331377286848464,0.0334829133586469,0.0835346910597169
"22",0.115077250932339,0.0245071923281833,0.0607352157698455,0.386254661694193,0.41342567927544
"23",0.0871287128712871,0.0534653465346535,0.184158415841584,0.287128712871287,0.388118811881188
"24",0.908246597277822,0.00928742994395516,0.0150520416333066,0.0592473979183347,0.00816653322658126
"25",0.0201459854014599,0.0437956204379562,0.0312408759124088,0.85956204379562,0.0452554744525547
"26",0.184054054054054,0.0164864864864865,0.0345945945945946,0.678108108108108,0.0867567567567568
"27",0.597005064963664,0.0147544593701828,0.074653160096895,0.239374587095353,0.0742127284739044
"28",0.0284602286548285,0.183167112624666,0.0651909511067867,0.655801508148869,0.0673801994648504
"29",0.0765482233502538,0.0203045685279188,0.55005076142132,0.273502538071066,0.0795939086294416
"30",0.107463853067605,0.0138074768789892,0.0122443662889149,0.0892275628500716,0.77725674091442
"31",0.292934638793332,0.0632442445091294,0.122783805239481,0.0801799417835406,0.440857369674517
"32",0.0474777448071217,0.0326409495548961,0.267655786350148,0.567359050445104,0.08486646884273
"33",0.191377292235661,0.0136558720249707,0.759851736246586,0.0200936402653141,0.0150214592274678
"34",0.0349716446124764,0.655095377212579,0.0346279429455233,0.25846365354872,0.0168413816807012
"35",0.0753772835583797,0.7131850675139,0.124305003971406,0.0614773629864972,0.0256552819698173
"36",0.0325914149443561,0.564785373608903,0.0262321144674086,0.329491255961844,0.0468998410174881
"37",0.0660766961651917,0.0724820901812052,0.0459334176148335,0.0165191740412979,0.798988621997472
"38",0.165217391304348,0.0956521739130435,0.091304347826087,0.108695652173913,0.539130434782609
"39",0.032964551817566,0.0142244298938812,0.0453827048995259,0.877173176789343,0.0302551365996839
"40",0.340425531914894,0.0851063829787234,0.324468085106383,0.101063829787234,0.148936170212766
"41",0.196078431372549,0.196078431372549,0.196078431372549,0.196078431372549,0.215686274509804
"42",0.466047176554682,0.0528949249463903,0.0950679056468906,0.272337383845604,0.113652609006433
"43",0.287006331022008,0.0201989749773892,0.0518540850165813,0.355441664154356,0.285498944829665
"44",0.566223908918406,0.0144212523719165,0.370018975332068,0.0189753320683112,0.0303605313092979
"45",0.196078431372549,0.215686274509804,0.196078431372549,0.196078431372549,0.196078431372549
"46",0.153246753246753,0.0207792207792208,0.0233766233766234,0.433116883116883,0.369480519480519
"47",0.059802847754655,0.610514786418401,0.0615553121577218,0.23921139101862,0.0289156626506024
"48",0.64133433659393,0.0110358665663406,0.126536242789064,0.187985954351643,0.0331075996990218
"49",0.0591715976331361,0.01530299938788,0.154662313813507,0.0432564782697409,0.727606610895736
"50",0.143603133159269,0.0164965582720152,0.615594588179445,0.090434369807738,0.133871350581533
"51",0.047891156462585,0.0204081632653061,0.796734693877551,0.122993197278912,0.0119727891156463
"52",0.847915594441585,0.0144107050952136,0.0419454451878538,0.0730828615542975,0.0226453937210499
"53",0.0162700833841773,0.0203376042302217,0.0353874313605857,0.908074028879398,0.0199308521456172
"54",0.927964205816555,0.00686055182699478,0.00999254287844892,0.0329604772557793,0.0222222222222222
"55",0.0388287714831318,0.526416295353278,0.046891576490558,0.32930193082962,0.0585614258434118
"56",0.50864553314121,0.0417867435158501,0.315561959654179,0.105187319884726,0.0288184438040346
"57",0.10981098109811,0.0153015301530153,0.136813681368137,0.378937893789379,0.359135913591359
"58",0.829810656098635,0.020035226772347,0.0462351387054161,0.0834434169969177,0.0204755614266843
"59",0.169129720853859,0.0410509031198686,0.640394088669951,0.0804597701149425,0.0689655172413793
"60",0.309898762654668,0.101799775028121,0.0385264341957255,0.315241844769404,0.234533183352081
"61",0.40445456846368,0.0296127562642369,0.0832700582131106,0.406985573272589,0.0756770437863832
"62",0.038655180129783,0.141922130230477,0.00553815171179235,0.801577534123965,0.012307003803983
"63",0.010501995379122,0.00234544563467059,0.97500525099769,0.0101869355177484,0.00196037247076945
"64",0.586024844720497,0.0267080745341615,0.100621118012422,0.0897515527950311,0.196894409937888
"65",0.547968885047537,0.0114088159031979,0.0186689714779602,0.378392394122731,0.0435609334485739
"66",0.0184818983875875,0.00859446303620322,0.303392150897475,0.665728627928202,0.0038028597505324
"67",0.215686274509804,0.196078431372549,0.196078431372549,0.196078431372549,0.196078431372549
"68",0.0697810218978102,0.0122627737226277,0.111240875912409,0.785985401459854,0.0207299270072993
"69",0.0410501193317422,0.0517899761336515,0.0940334128878282,0.791646778042959,0.0214797136038186
"70",0.885427555927242,0.00669036169767928,0.0765210119172068,0.0213255279113527,0.0100355425465189
"71",0.0427650849443468,0.566490919742238,0.0070298769771529,0.37170474516696,0.0120093731693029
"72",0.105805243445693,0.0115480649188514,0.0936329588014981,0.39856429463171,0.390449438202247
"73",0.0494797687861272,0.655260115606936,0.0120231213872832,0.248323699421965,0.0349132947976879
"74",0.0249351685617395,0.599640933572711,0.273688410133653,0.0901655695192499,0.0115699182126471
"75",0.0521483285141785,0.00304367676152793,0.877999289808756,0.0571703951706995,0.00963830974483843
"76",0.164794007490637,0.104868913857678,0.0599250936329588,0.280898876404494,0.389513108614232
"77",0.0426339611622135,0.0121185574536429,0.0610308074171412,0.857351438166156,0.0268652358008468
"78",0.167320261437908,0.0954248366013072,0.0718954248366013,0.215686274509804,0.449673202614379
"79",0.0950226244343891,0.0678733031674208,0.149321266968326,0.447963800904977,0.239819004524887
"80",0.300091491308326,0.0951509606587374,0.309240622140897,0.127172918572736,0.168344007319305
"81",0.215686274509804,0.196078431372549,0.196078431372549,0.196078431372549,0.196078431372549
"82",0.0244946492271106,0.0175980975029727,0.0646848989298454,0.879191438763377,0.0140309155766944
"83",0.0926879505664264,0.05217988328184,0.149330587023687,0.2173017507724,0.488499828355647
"84",0.855711422845691,0.00360721442885772,0.056312625250501,0.0783567134268537,0.00601202404809619
"85",0.181775481446689,0.0526068576796618,0.0662282761860028,0.458431188351339,0.240958196336308
"86",0.131296368606013,0.00663803201874268,0.84410386567747,0.0144474814525576,0.00351425224521671
"87",0.347173761339846,0.0816468946266574,0.103279832519191,0.315073272854152,0.152826238660154
"88",0.113163972286374,0.046189376443418,0.0762124711316397,0.173210161662818,0.591224018475751
"89",0.0371880606752569,0.0110096232262274,0.901076496493231,0.0325395530908498,0.0181862665144348
"90",0.137907137907138,0.0984060984060984,0.358281358281358,0.356202356202356,0.0492030492030492
"91",0.590224408238549,0.292652935751614,0.021826006762988,0.085152167230249,0.0101444820166001
"92",0.911480321394525,0.0224703799536974,0.00762631077216397,0.0123927550047664,0.0460302328748468
"93",0.0127768313458262,0.00809199318568995,0.117759795570698,0.272572402044293,0.588798977853492
"94",0.0499719258843346,0.792813026389669,0.0393037619314992,0.111734980348119,0.00617630544637844
"95",0.710398807305255,0.0283265001863586,0.0257174804323518,0.111442415206858,0.124114796869176
"96",0.035444357571019,0.0127703935366171,0.0987750847015898,0.82121449048736,0.0317956737034141
"97",0.819655521783181,0.0455927051671733,0.0658561296859169,0.0364741641337386,0.0324214792299899
"98",0.0314109165808445,0.660659114315139,0.126416065911432,0.115473738414006,0.0660401647785788
"99",0.0509605122732124,0.092315901814301,0.167022411953042,0.585112059765208,0.104589114194237
"100",0.307282913165266,0.0246498599439776,0.268627450980392,0.315406162464986,0.0840336134453782
"101",0.206053550640279,0.338183934807916,0.0937136204889406,0.0442374854481956,0.317811408614668
"102",0.107843137254902,0.0414565826330532,0.0299719887955182,0.384873949579832,0.435854341736695
"103",0.446282679738562,0.0273692810457516,0.17687908496732,0.159722222222222,0.189746732026144
"104",0.0564196401341873,0.00975907288807563,0.0259225373589509,0.87618176273254,0.0317169868862458
"105",0.186788154897494,0.165527714502658,0.0366995697291825,0.165527714502658,0.445456846368008
"106",0.0430068666425732,0.354897000361402,0.25623418865197,0.259848211058909,0.0860137332851464
"107",0.0705537806176784,0.0162406815761448,0.0362087326943557,0.499733759318424,0.377263045793397
"108",0.0448196789660204,0.0148009172399416,0.0950594121325829,0.836356055868251,0.00896393579320409
"109",0.0563315777421571,0.0151133501259446,0.851385390428212,0.0609113808106251,0.0162583008930616
"110",0.327258320126783,0.305467511885895,0.0423930269413629,0.154912836767036,0.169968304278922
"111",0.204545454545455,0.0241779497098646,0.0408607350096712,0.29472920696325,0.43568665377176
"112",0.111687275628241,0.0315117670522537,0.189469485440766,0.571998404467491,0.0953330674112485
"113",0.153034300791557,0.0358085186581229,0.0584244251790426,0.656615152657369,0.0961176027139088
"114",0.900356848751029,0.00576447982432061,0.0705462530881142,0.0167444413944551,0.0065879769420807
"115",0.0515970515970516,0.540540540540541,0.0434070434070434,0.215397215397215,0.149058149058149
"116",0.521452145214521,0.0569306930693069,0.309405940594059,0.0759075907590759,0.0363036303630363
"117",0.0370048644892286,0.0181549687282835,0.0141591382904795,0.919909659485754,0.0107713690062543
"118",0.0642387455741022,0.0773899848254932,0.0111279716742539,0.126454223571067,0.720789074355083
"119",0.138025845477042,0.0340940335441298,0.592246356887545,0.0409678306296398,0.194665933461644
"120",0.196078431372549,0.196078431372549,0.196078431372549,0.196078431372549,0.215686274509804
"121",0.0809349658133248,0.0187629193830498,0.00683733502941644,0.0640801399268564,0.829384639847353
"122",0.0669683257918552,0.0289592760180995,0.0823529411764706,0.0425339366515837,0.779185520361991
